20 
57 
115 
124 
141 
156 
182 
195 
223 
315 
317 
322 
324 
326 
328 
329 
330 
406 
420 
485 
500 
537 
566 
616 
629 
673 
685 
737 
787 
788 
902 
971 
1022 
1037 
1129 
1132 
1133 
1134 
1135 
1152 
1153 
1271 
1305 
1348 
1361 
1421 
1430 
1440 
1473 
1477 
1538 
1592 
1689 
1755 
1851 
1989 
1999 
2140 
2172 
2175 
2298 
2347 
2389 
2464 
2471 
2481 
2536 
2585 
2792 
2927 
2950 
2966 
3008 
3081 
3213 
3314 
3386 
3396 
3508 
3575 
3576 
3577 
3588 
3644 
3760 
3828 
3838 
3889 
3893 
4017 
4077 
4092 
4099 
4115 
4183 
4186 
4189 
4256 
4264 
4271 
4273 
4284 
4357 
4432 
4506 
4579 
4591 
4608 
4731 
4760 
4813 
4960 
4970 
4983 
5104 
5163 
5193 
5283 
5323 
5342 
5361 
5416 
5436 
5463 
5533 
5646 
5773 
5835 
5922 
5962 
5983 
6054 
6056 
6061 
6064 
6065 
6085 
6089 
6151 
6223 
6224 
6225 
6226 
6227 
6228 
6230 
6232 
6288 
6312 
6317 
6339 
6344 
6378 
6402 
6408 
6468 
6516 
6519 
6522 
6526 
6527 
6605 
6671 
6676 
6683 
6686 
6709 
6737 
6766 
6775 
6790 
6797 
6905 
6917 
6970 
6978 
7000 
7033 
7177 
7219 
7287 
7289 
7294 
7295 
7307 
